1	1	1	13/09/2015
2	2	2	02/08/2015
3	3	3	07/11/2015
4	4	4	08/11/2015
5	5	1	20/09/2015
6	6	2	04/10/2015
7	7	3	01/08/2015
8	8	4	07/10/2015
9	11	1	21/10/2015
10	12	2	04/08/2015
11	11	3	12/11/2015
12	12	4	09/10/2015
13	13	1	03/11/2015
14	14	2	10/09/2015
15	15	3	28/11/2015
16	13	4	21/11/2015
17	16	1	21/10/2015
18	17	2	16/08/2015
19	18	3	11/09/2015
20	16	4	30/09/2015
21	19	1	24/11/2015
22	20	2	17/10/2015
23	21	3	13/09/2015
24	22	4	03/09/2015
25	23	1	02/10/2015
26	24	2	15/08/2015
27	23	3	15/10/2015
28	24	4	26/11/2015
29	25	1	30/10/2015
30	26	2	15/11/2015
31	25	3	01/10/2015
32	26	4	21/09/2015
33	27	1	08/10/2015
34	28	2	18/08/2015
35	29	3	20/10/2015
36	30	4	02/10/2015